55001	55009	55021	55049	55051	55057	55061	55073	55079	55103
55109	55117	55127	55147	55163	55171	55201	55207	55213	55217
55219	55229	55243	55249	55259	55291	55313	55331	55333	55337
55339	55343	55351	55373	55381	55399	55411	55439	55441	55457
55469	55487	55501	55511	55529	55541	55547	55579	55589	55603
55609	55619	55621	55631	55633	55639	55661	55663	55667	55673
55681	55691	55697	55711	55717	55721	55733	55763	55787	55793
55799	55807	55813	55817	55819	55823	55829	55837	55843	55849
55871	55889	55897	55901	55903	55921	55927	55931	55933	55949
55967	55987	55997	56003	56009	56039	56041	56053	56081	56087
56093	56099	56101	56113	56123	56131	56149	56167	56171	56179
56197	56207	56209	56237	56239	56249	56263	56267	56269	56299
56311	56333	56359	56369	56377	56383	56393	56401	56417	56431
56437	56443	56453	56467	56473	56477	56479	56489	56501	56503
56509	56519	56527	56531	56533	56543	56569	56591	56597	56599
56611	56629	56633	56659	56663	56671	56681	56687	56701	56711
56713	56731	56737	56747	56767	56773	56779	56783	56807	56809
56813	56821	56827	56843	56857	56873	56891	56893	56897	56909
56911	56921	56923	56929	56941	56951	56957	56963	56983	56989
56993	56999	57037	57041	57047	57059	57073	57077	57089	57097
57107	57119	57131	57139	57143	57149	57163	57173	57179	57191
57193	57203	57221	57223	57241	57251	57259	57269	57271	57283
57287	57301	57329	57331	57347	57349	57367	57373	57383	57389
57397	57413	57427	57457	57467	57487	57493	57503	57527	57529
57557	57559	57571	57587	57593	57601	57637	57641	57649	57653
57667	57679	57689	57697	57709	57713	57719	57727	57731	57737
57751	57773	57781	57787	57791	57793	57803	57809	57829	57839
57847	57853	57859	57881	57899	57901	57917	57923	57943	57947
57973	57977	57991	58013	58027	58031	58043	58049	58057	58061
58067	58073	58099	58109	58111	58129	58147	58151	58153	58169
58171	58189	58193	58199	58207	58211	58217	58229	58231	58237
58243	58271	58309	58313	58321	58337	58363	58367	58369	58379
58391	58393	58403	58411	58417	58427	58439	58441	58451	58453
58477	58481	58511	58537	58543	58549	58567	58573	58579	58601
58603	58613	58631	58657	58661	58679	58687	58693	58699	58711
58727	58733	58741	58757	58763	58771	58787	58789	58831	58889
58897	58901	58907	58909	58913	58921	58937	58943	58963	58967
58979	58991	58997	59009	59011	59021	59023	59029	59051	59053
59063	59069	59077	59083	59093	59107	59113	59119	59123	59141
59149	59159	59167	59183	59197	59207	59209	59219	59221	59233
59239	59243	59263	59273	59281	59333	59341	59351	59357	59359
59369	59377	59387	59393	59399	59407	59417	59419	59441	59443
59447	59453	59467	59471	59473	59497	59509	59513	59539	59557
59561	59567	59581	59611	59617	59621	59627	59629	59651	59659
59663	59669	59671	59693	59699	59707	59723	59729	59743	59747
59753	59771	59779	59791	59797	59809	59833	59863	59879	59887
59921	59929	59951	59957	59971	59981	59999	60013	60017	60029
60037	60041	60077	60083	60089	60091	60101	60103	60107	60127
60133	60139	60149	60161	60167	60169	60209	60217	60223	60251
60257	60259	60271	60289	60293	60317	60331	60337	60343	60353
60373	60383	60397	60413	60427	60443	60449	60457	60493	60497
60509	60521	60527	60539	60589	60601	60607	60611	60617	60623
60631	60637	60647	60649	60659	60661	60679	60689	60703	60719
60727	60733	60737	60757	60761	60763	60773	60779	60793	60811
60821	60859	60869	60887	60889	60899	60901	60913	60917	60919
60923	60937	60943	60953	60961	61001	61007	61027	61031	61043
61051	61057	61091	61099	61121	61129	61141	61151	61153	61169
61211	61223	61231	61253	61261	61283	61291	61297	61331	61333
61339	61343	61357	61363	61379	61381	61403	61409	61417	61441
61463	61469	61471	61483	61487	61493	61507	61511	61519	61543
